# Created by Octave 4.0.0, Wed Aug 17 18:58:07 2016 Közép-európai nyári idõ  <unknown@TituszbanPC>
# name: Theta_steer
# type: matrix
# rows: 1601
# columns: 1
 -0.8403297382059163
 -0.3913575363190885
 -0.4646300480742345
 -0.2629419065875045
 0.5065349382272216
 0.574547645842626
 -0.2101837351164787
 -0.7198187570359263
 0.8633498671218135
 0.6659570063355618
 -0.3332995519943474
 -0.1947075911637335
 -1.162323749713107
 -0.01409665292182719
 -0.1649035264178238
 -0.1777243311334788
 0.09727838141518637
 -0.2562776465758463
 0.09991773985729109
 0.09463904269521337
 0.2958943940282289
 -0.3338053757017346
 -0.2909543140392311
 0.5201848910860624
 0.5164010165652406
 -0.1248630212887372
 0.03219383459160613
 -0.05956679527200467
 -0.2857774244005828
 -0.2310559166643301
 -0.06407144970601197
 -0.2281982796334945
 -0.1582322365323958
 0.09610339792456112
 -0.03174284625810173
 -0.1548842732507674
 -0.5851582939117622
 -0.07729754286525667
 -0.2386850695111266
 -0.8877942532007832
 -0.728124639589269
 0.03432852174590715
 -0.02508975024913965
 -0.1763448081977224
 0.6055492576283058
 0.7526693548161751
 0.0662921063171148
 -0.05741680448740175
 -0.1591792195472049
 -0.3773527471868231
 0.06759843078718024
 0.09616539258834647
 -0.5498098916984424
 0.3967519104457121
 -0.2654216289385961
 -0.281268234791252
 0.02284031436699835
 0.103016272240104
 0.3455006522024555
 0.01503977765612812
 0.1596444869311529
 0.4093154163296703
 0.5611019634827963
 -0.03967249875412018
 -0.06384189584213799
 0.7717116870508661
 0.88478868741207
 0.8233015986401042
 0.01596473748211982
 0.06924433833675894
 0.1143307613918834
 0.02563225156137983
 0.4364924319973281
 0.6710535839663112
 -0.3561755173099038
 -0.1455823783660963
 -0.07622531161840994
 0.2619615227894154
 0.1100659725256386
 -0.5780584284920032
 -0.402636203053496
 -0.7715571287151659
 -1.036511342692369
 -0.5836224183944414
 -0.1771401571972515
 -0.07650900232685756
 -0.3136387027884763
 0.7764064858019251
 0.589071285205943
 -0.08946963932096835
 -0.8115962204816853
 0.8038805194959716
 0.2748174436568853
 -0.4166878418807551
 0.4444460730237988
 0.8115940252662793
 0.03365245355544636
 -0.6334338474359024
 -0.5853185241201053
 -0.640176910084612
 -0.3975712271655432
 0.6237812823156065
 -0.006472821936046105
 -0.2230212208075223
 -0.399768272031861
 1.124880713993632
 0.5931772045724423
 0.554633192920897
 -0.323855335281698
 -0.4123997213465115
 -0.4470971296260303
 0.09776083446794187
 0.8105752027989367
 1.058591717834386
 -0.6135258901940273
 -0.1393102563432839
 -0.3101530914574314
 -0.08598630796924542
 -0.6839068922085052
 0.2104084309585178
 0.484571535242372
 -0.3986329427481792
 -0.9870425185124613
 0.2803149238588835
 0.5057965206151176
 -0.09179075272998133
 -0.3328421058287411
 0.4673703354941153
 0.3130236906348011
 -0.3068429084783686
 0.02142682795384712
 0.06266893350504843
 0.3865763837002231
 -0.135537153553653
 -0.966384041138048
 0.07001259853642208
 1.578532309840782
 0.03949394801147132
 -1.279789221723258
 -0.066837229975027
 0.5538331179930489
 -0.2786461530653294
 0.3610112722371062
 0.5587393992193734
 -0.4103760544926007
 -0.6880418592503078
 -0.02959292959030502
 0.7122467236993701
 -0.2929346467025725
 -0.6813139377514004
 0.3814994863554457
 0.2790327642307056
 0.1350953304113904
 -0.1648898334513909
 -0.4662626046842133
 -0.4936184450199042
 -0.2294531234060871
 0.4038742796708585
 0.1630982200363049
 0.08580973580799779
 0.6926614117622847
 0.7437216602473126
 -0.1367395052264529
 -0.09281523457586213
 -0.3618832231812895
 -0.8631836697547709
 0.09515074904972025
 0.7208758299649433
 -0.1051919779448798
 -0.393694406872554
 0.8499387915519149
 -0.6426458180462915
 0.1979399212574988
 0.4321358468784459
 0.3015344591073336
 -0.5000728050461626
 0.3523800859852421
 0.04069478268320542
 -0.5997558387027992
 0.4105736145659409
 -0.4550099341343416
 -0.004481557121090773
 -0.1449669587447518
 0.5501520779144641
 -0.3936702245865511
 -0.1438303207322092
 0.08302432975910826
 0.5939370963486261
 -0.04511797615571231
 -1.139535629267101
 0.1097732662390271
 -0.03830953148096181
 0.7531279278083601
 0.332035614155628
 -0.6195592615320402
 -0.05904815478464681
 -0.016553372558034
 -0.09985439576829427
 0.5960915013965156
 0.5270207415721083
 -0.7916424176067717
 0.1884832191783974
 0.3734284786559213
 -0.8628603220766673
 -0.4608160697548096
 -0.351270857440264
 0.4312743417457378
 1.025496140992915
 -0.4908281535902115
 -0.3267659133069089
 -0.04507516708148229
 -0.2131816143554131
 0.3607940511334288
 0.07667197033145681
 0.5094327741369356
 0.05349757226200399
 -0.233406333433872
 0.3171553681076681
 -0.7076082174648793
 -0.1762173581202414
 0.2562911996742688
 -0.4556062069780571
 -0.1219924548865984
 0.5541644591618017
 -0.2170243302657448
 0.1641399157594527
 0.2515719979723831
 -0.8858978492339982
 0.3803882328061782
 -0.3108033587305701
 0.1567778140473978
 0.57582338698019
 0.04069689301167501
 -0.2681695979608244
 0.1652462312973689
 0.04597666567928221
 -0.1365431405583968
 -0.1400570633984082
 -0.04273451059318709
 0.1407907652380826
 0.07539845120354374
 0.2209609643324702
 0.1985949016176156
 0.3688843708686346
 0.05510609748140782
 -0.5879453766315215
 0.1485110835721572
 -0.2111865067451286
 0.3245906154390027
 -0.4911676034992631
 0.2537074644625686
 -0.191273913972057
 0.1179215190649343
 -0.3968536954292927
 0.368748904526205
 -0.2642410850632399
 -0.02155269337948945
 0.5470911695372844
 -0.5885118033590682
 0.4465357933420261
 -0.3129648311601612
 -0.1893208377419733
 0.06658041903208702
 0.1623644051985825
 0.207681883214768
 -0.1618376616949864
 -0.3983011069188306
 0.2943998454875868
 0.2349370443815055
 -0.4016933789649493
 0.3790905733757658
 0.2638915495130827
 -0.427862313072969
 0.06248030866288404
 -0.1373373048809775
 0.4875960660386477
 -0.4423263220310174
 -0.1575246184588091
 0.02061916577288484
 -0.1086997583735728
 -0.05699982843884224
 -0.01813883010633414
 -0.08164556851855884
 0.3836065098650136
 -0.6048590889557521
 0.2756925264941755
 -0.1461688622463803
 0.2750086325341056
 0.1640048738797783
 0.1133452354405828
 -0.1178360292872287
 -0.1614911541946245
 0.2997725351394298
 0.1065651039152057
 -0.03168828459604085
 -0.07585771929010192
 0.6600621209829695
 -0.08833587868262109
 0.431015128022865
 -0.1697653270858001
 0.3908875649813599
 -0.3156512952894046
 0.4388949975891772
 -0.2470038972946823
 0.2312396247473243
 0.3327841455190979
 -0.09215864017819989
 0.7944961468906105
 -0.4982389005627875
 0.3246816387104134
 -0.3843338894929595
 0.132473242521414
 0.4560646391746707
 0.1549674233817029
 -0.3642362886592174
 -0.03559085680066099
 0.3036512574764432
 -0.5373663564262221
 -0.07619551721301382
 0.5079560058405292
 -0.2119921437751399
 -0.4352896728185154
 0.1765089257190986
 0.8343581019709937
 -0.675758715706166
 0.5786456477673882
 0.06569966281062388
 -0.3681628004702546
 0.2093772206336147
 -0.188657938269734
 0.264134829035361
 -0.02402683032351234
 -0.0584646616582328
 -0.2075695905881714
 0.1286799007840501
 0.006570064647517623
 -0.1626498536615519
 0.1120113959523319
 -0.06765592136437121
 -0.06703507505351335
 -0.349566062516844
 0.2155588613125523
 -0.7467111155895275
 0.2589411375050876
 -0.1870831036717047
 0.093531591862443
 -0.2579569617922635
 0.1796291769962952
 0.04711573944252959
 -0.3289482785050823
 0.3707550472912475
 -0.1072892199686878
 -0.1837836754363973
 -0.572920658188061
 0.1381305355466944
 -0.08759968959544513
 0.09442902803091577
 0.4016737890703725
 -0.3670179025349981
 -0.3190933584233471
 0.3818715132039837
 0.8373970963331597
 -0.6092324184112516
 0.1743692809775979
 0.00883027029185459
 -0.1681404419999443
 0.3856743024372714
 -0.1888229773053738
 -0.4436954820186655
 -0.09818073741104502
 0.415944407577828
 -0.6462122339884535
 0.6290620663705112
 -0.604359186562518
 0.6695898143990997
 -0.3247113579018799
 -0.1500153732652113
 0.4962211752312429
 0.1603714944025329
 -0.2776024760912778
 0.5531649335528477
 -0.2544761247351434
 0.3111065132933469
 0.2538979452398946
 -0.1626683932323688
 0.4538620454979814
 0.1084498559740983
 0.4872345646588366
 0.1559726304818616
 0.02822144799343098
 0.3396122313975191
 -0.06410989778791035
 -0.1061929896736117
 0.398921387020013
 -0.3657523999329906
 0.4727514989661138
 -0.2199115030334584
 -0.2851555130469852
 0.3800072237974133
 0.04876358720492715
 0.09483490564601182
 -0.03700820095447279
 -0.5268303169152132
 0.2100935992505018
 -0.1570660210752112
 -0.1068013952184982
 -0.1134514770806819
 0.3923945970639363
 -0.1645175843974094
 -0.5070098871326371
 0.6123488722093157
 -0.2939032203464872
 -0.04650267587118923
 0.005465518652807172
 0.2908751894801681
 -0.07079721212926215
 -0.02521935171127601
 0.407827976797956
 -0.003795670024466069
 0.5312957909343494
 -0.5496643426556331
 0.05500463317213222
 -0.3271015249674
 0.5874030786303259
 0.07201312165235409
 -0.02874935119963579
 0.2434895149016089
 -0.5249746968964786
 0.4427525124900087
 0.2059725165474102
 -0.0241239480632567
 0.02998267830357216
 -0.08290876331534286
 0.7220467667673989
 0.06208547655417158
 0.09603055510005573
 -0.2826690819463567
 0.4537989523083514
 0.1229852065951664
 -0.2791753312069129
 -0.2287776091929448
 -0.3018275905072313
 0.3092539381438927
 0.09702540832905301
 -0.2555110367811978
 -0.343484518649307
 -0.1210114406901563
 -0.2748328154057967
 -0.02464135254407684
 -0.4786598422246454
 -0.08699864615640646
 -0.6428851311083837
 -0.1064988283096874
 -0.2556759564055556
 -0.4493534853481364
 -0.2947798690753037
 -0.7073354486563325
 0.2941501048530551
 -0.5033233306184762
 -0.4059231079072934
 -0.5704570959684651
 0.1756699843107128
 0.6285388047964082
 -0.6605291129086868
 1.101896984688628
 -0.5900134038663034
 0.5922097073895667
 -0.07684409975948593
 0.006544985897925043
 0.09531467833639459
 -0.2979216265631513
 0.3919867296776475
 0.08108983677765944
 -0.2202611501694168
 -0.2336996384998006
 -0.5627236505493201
 0.1212724049970135
 0.2680956067754953
 -0.3948498447956036
 0.2663913023060313
 0.07021666332531931
 -0.3395414316073278
 0.07242374060013684
 0.2436693129717396
 -0.3000877226510287
 -0.1339842994130861
 -0.01612860165648286
 0.05388643858388799
 0.04888857685782581
 -0.6880364813131407
 -0.04662376581257668
 -0.4351169677483075
 -0.3377919878912704
 -0.554909823093181
 0.2965518416632478
 0.2795366203535081
 -0.6150226745084018
 -0.3165061230928803
 -0.2922397968403625
 -0.06389062451079355
 -0.06303452167686438
 0.4842970896618893
 0.8528069402787275
 0.4335907149221407
 0.2514872339570374
 0.4031848122636518
 0.2537562926004984
 -0.1963996965328126
 -0.4207242442402344
 0.4754054950242754
 -0.07660522700001954
 0.1201311400417293
 -0.08855743898415804
 0.1415369048102297
 -0.08689414045811984
 0.3396814229464277
 0.3948702271169106
 -0.04123738233995888
 0.2391429471202912
 0.2074992260298978
 -0.04744439114974544
 0.01042039037361188
 0.3916788290966778
 -0.02400933563845752
 0.2362561348170533
 0.1001814945098395
 0.2156088979745178
 0.2317984685831727
 0.6109855843957754
 0.3141155037385173
 0.9514768692237233
 -0.4495348509419881
 -0.2804025852528451
 -0.3483104212833452
 -0.2225089372881582
 -0.9483251807593845
 0.842722350054776
 -0.8931499979711235
 -0.7770747599135137
 -0.2135622619688278
 -0.2288715453233528
 0.2008254025051633
 0.2194015711091872
 -0.04186803498280002
 0.04752263345457321
 0.3861779851815562
 0.6491036055631014
 0.6972210727995494
 -0.2115011203760479
 -0.07553911934845757
 0.2878855827699774
 0.09674215938867714
 0.5006633477075858
 0.2481933164928921
 -0.2061533876404142
 -0.1186777010108864
 0.2508551834751814
 -0.07976282698820689
 -0.2980107838963345
 0.1449276540039056
 -0.04984009895493989
 -0.2303078994542093
 0.2659479564248826
 -0.1077910184054114
 0.08785283947461769
 0.3885157519871892
 -0.4705633735091412
 -0.6839264194432495
 -0.8402326611865597
 -0.1738024524615489
 0.3822824480254859
 1.190951067254325
 -0.1329198824322876
 -0.4988638128593863
 -0.4154867777654219
 -0.5388839983805072
 0.06857735612690451
 0.5971099079741098
 0.2248664840046652
 0.2694139515679333
 0.09179832654577608
 0.1218011412871334
 -0.1013757815842618
 -0.2922809736364438
 0.1201012782185463
 0.138854641072994
 0.001322976000488592
 0.03351299282124118
 0.7717846078149644
 -0.4741226285359002
 -0.07694786470325998
 -0.5906090948952097
 0.1464307625406849
 -0.01361300166608557
 -0.06697335937031533
 -0.1360348348439261
 -0.5540815921756104
 -0.2931195853507196
 0.003244756009610349
 0.08946821868228642
 -0.06385703549866999
 -0.1678792110836312
 -0.3200466596568853
 -0.7447191900064808
 -0.1385662754838155
 0.1008376801955639
 0.9268324613530494
 0.3213086406820659
 0.01842343657101417
 -0.2841125130316339
 0.2932073480297838
 0.6317043363753428
 0.5560546700841965
 -0.09354968823337723
 0.2401173009549623
 -0.03185278350000095
 -0.05482145895506142
 0.157818007070169
 0.02572597964691263
 0.5390791077906532
 0.5418844469244622
 0.164075441193632
 0.1296479009979045
 0.3793555281793622
 0.225190756202105
 -0.7169713014674804
 0.1078732549452981
 0.4335305015417535
 0.01545650948978281
 0.5510621985379558
 -0.3581355029104662
 -0.3114444323823476
 -0.1164425897881941
 0.1923950607773509
 0.4196358018227559
 -0.229280813874086
 0.1518716226260775
 0.4762758098808489
 0.3111645667792729
 0.1921518048066768
 -0.05364126398367491
 0.5944730259398074
 -0.01990559508936898
 -0.001801085644346584
 -0.05387678443732041
 -0.0792548389501479
 0.2883097420443833
 -0.9208807080114488
 0.8747029611898612
 -0.8512291590694693
 -0.3932505084966155
 0.1407633137259238
 0.3222618203512891
 0.6382434327681922
 -0.08464208561632115
 0.5852320454627091
 0.4536464472496545
 0.0152906221929699
 -0.1485393752456102
 0.1411733477897409
 0.4534648518880663
 0.5490659203978052
 0.2620265245097343
 0.09561213125947124
 0.06839271461281281
 -0.002502692878675833
 -0.02104169909656574
 -0.2667565541700397
 -0.7309963779612901
 0.01449134121625085
 0.2792226303670728
 -0.05653718574454286
 0.6067375444670857
 0.3442802573693374
 0.3552319320538624
 0.01892418252857
 -0.6907032454133902
 -0.03405133606929014
 -0.1010258152973523
 0.05115517394442391
 -0.2340610868626498
 -0.04356169956690437
 0.2947038606198296
 -0.008909524331641321
 0.08616052031410669
 -0.03423200888339562
 0.2049214139990926
 0.1971253526320794
 0.2290526347516548
 0.03694831107024549
 0.4208819391963493
 -0.5147867487753777
 -0.3431054554595601
 0.9605496023516342
 -0.0528177372435893
 0.05176671626777497
 0.4471990767654067
 0.17524964381761
 -0.02025757259948273
 0.1395749606256754
 0.124341228757484
 0.1126090244486501
 0.4113248008305249
 0.1174815178910327
 0.06505087190356405
 -0.00485987228450081
 0.07425776257089496
 -0.04049640899481098
 -0.8517702814354133
 -0.3443175597265588
 0.2376911398723869
 0.02399212316594176
 0.1713608344767747
 -0.5397607261462347
 -0.1865226021499707
 0.08323071704558688
 0.005258569006672216
 0.2733514076787926
 0.4178279182128064
 -0.07046906964326366
 -0.2736226905198818
 0.1011845400349726
 -0.1780146977581447
 -0.1316496596297517
 -0.4235506629531735
 -0.4599517046058487
 -0.6716725865615782
 0.1065096407852723
 0.247505341159677
 0.3896722746704031
 -0.2887677760667577
 -0.06387282950228462
 0.003607083246736061
 0.09045353653390256
 0.0281479261435016
 -0.2863654086348955
 0.2168198063688974
 0.2887367805883286
 0.3698911164721004
 -0.1365181060899153
 -0.1424626980919733
 -0.409909442376961
 -0.4766156415835151
 0.04430874852511776
 0.1924287653185019
 -0.0037813300926783
 -0.3071557277432698
 -0.5225071133128626
 -0.2406164652813351
 -0.0007376723752015868
 0.8744871932444357
 -0.1460570577923248
 -0.6850864932190668
 -0.1448068103092954
 -0.4436899969483852
 0.1664760796890912
 0.4020444479825335
 -0.2575187010441839
 -0.7645136186832285
 -0.2581457827152779
 0.01553882709821056
 0.1657353266625552
 -0.3448009232704412
 0.3664283327721839
 0.59314777638549
 0.372178524819083
 -0.05331166918023614
 0.2264357885489879
 -0.2956726524345746
 -1.02238779525857
 0.2858130831542521
 -0.1550939260950737
 0.1494951640525998
 -0.1929381188502593
 0.1268143756841087
 -0.3011431705521853
 0.2510798908781616
 0.1641087994318137
 0.276119571586734
 0.1538480162822378
 -0.1755741008083921
 -0.4060541119494072
 -0.4251431744050423
 -0.01040938225650083
 -0.1207469348677138
 -0.1965718950906178
 -0.3310787793974092
 -0.3811787402140078
 0.3177101429034797
 -0.04900326509608555
 -0.1213373930623752
 0.4008792101844891
 -0.08202030483496578
 0.3295209788739626
 -0.7124230153856201
 0.1090568372697265
 0.2474359469663726
 0.1744419657190975
 0.02421985297331314
 0.5204912854413595
 -0.2047560776174825
 -0.1526984642688851
 0.2764244318731596
 0.6086850431830073
 0.1163173089119081
 -0.4927579472113846
 -0.02443740822227099
 -0.5132500950104237
 0.07626669697760505
 0.3147522816956975
 -0.1792879634632132
 -0.1129063900008271
 -0.5396361260405534
 -0.08458151025072193
 -0.1782195967360359
 -0.1986804564292046
 -0.006783502381985579
 0.109628973199966
 0.1823730114869455
 0.2991908829491064
 0.1144987689733549
 0.1450748635639949
 0.1595064426602402
 -0.229485091069943
 -0.2390647955049799
 -0.5374554965013114
 -0.09703940330126679
 0.3576502050767415
 0.4116525511221678
 -0.252273404965067
 0.8367471842183887
 -0.2345759055182919
 -1.363847783151778
 0.1300979089047082
 0.2424460503758643
 -1.30044435441952
 0.7707958035620768
 -0.8577751616952147
 0.1875445810179366
 0.3699893092113005
 -0.2015461916598084
 0.1077271999454541
 0.46312212368153
 -0.7427270359344216
 0.2566141818603903
 0.0150858266164547
 -0.4436439411744671
 -0.1409571373290267
 0.02104301615149305
 0.2955943746305772
 -0.220687916533378
 0.06602211595725979
 -0.1940516226837866
 -0.2491239303270862
 -0.3376241576664742
 -0.1766176251828974
 -0.03459598818504624
 0.1351976261759319
 0.078302070445814
 0.2850971440252392
 0.3063870447993127
 0.1472702225634241
 0.1334314526367995
 -0.2237372682176613
 -0.2294850910698509
 -0.3593348831718927
 0.01911432915795011
 0.006629195579933009
 -0.1077304732954005
 0.1699021894212418
 1.031707491037549
 -0.2437806676280945
 -0.3437342527331583
 0.4896781393997722
 -0.2806224150268033
 -0.01132235916212751
 0.05367758372526202
 -0.4257319105481464
 0.1030196689636262
 -0.01793800177503407
 -0.1699649410348709
 -0.875349593439563
 -0.4053746931182872
 -0.1236726659594001
 -0.1519290373727251
 0.2106929759122453
 0.3098754935210151
 0.2470963789321795
 -0.2581817881657723
 0.8022129361218066
 -0.003242667294932083
 0.3850507345831293
 0.2291388371253479
 -0.3195820282184056
 -0.1802933585489646
 -0.4169498992399088
 -0.9659869049725671
 0.3764217236027307
 0.2294970983781497
 0.1257540416036229
 0.1951764589067076
 -0.187670754668515
 -0.3595026972798356
 0.3467411295327585
 0.3467411295333389
 -0.1850074522064936
 0.1355788477665389
 -0.09237114322697565
 0.03116615840772149
 -0.05003678600186691
 -0.5315631003974577
 0.08305739430201772
 0.4658316316188406
 0.7711322581553941
 0.1412562403133538
 0.4878633642563792
 0.53777461946146
 -0.1153052529218797
 -0.09523352144464653
 -0.09695657560256447
 -0.3124598579824436
 0.3509662658279682
 -0.01922266442518797
 -0.4632867893654968
 -0.7477614288379029
 -0.175972636352755
 -0.01517359406894483
 -0.1330564103548954
 0.04625703562197844
 0.4920948752659943
 0.2408577745932884
 0.6123830464151232
 -0.2109480204515377
 -0.2314943718971224
 0.00902055798649444
 -0.01186872051703485
 -0.3486241541636056
 0.1019730665152506
 0.04773601254077338
 0.1009012579631798
 0.2396285719526944
 0.1858924910861866
 -0.1220709301278251
 0.1319031128796589
 0.1319031128796238
 0.1133245065009568
 0.1068996044280586
 -0.03083233320048948
 -0.1456349027262644
 -0.1124887848582125
 -0.4383567768436446
 -0.4032146716439187
 0.366646677938295
 -0.5219506389534134
 0.340531449854984
 0.4032489009776724
 0.3039750499786762
 0.2447507553851803
 -0.3708864480387578
 0.04784852479422369
 -0.04790405261554623
 0.3813295123940756
 1.030445683439982
 0.102248955257241
 0.5421997755363233
 -0.05543541921657943
 0.2651942211615905
 -0.2638445113821682
 -0.5755465402152491
 -0.3722118649820844
 0.1971053580423106
 0.5531786863521189
 -0.2844776287366872
 0.3105258341018911
 0.1071320461109503
 0.3308073177865701
 0.2564133369898834
 -0.185506116503965
 -0.1631796995411527
 -0.1358263335502115
 -0.0001182358377525283
 0.134958863951304
 0.04306607657736483
 -0.2222358052514419
 -0.2027837960298426
 -0.07858815703284017
 -0.005038066177350437
 -0.1261704848141583
 -0.03275538848309265
 -0.03735394821897356
 -0.4712194749576475
 0.2308763190268243
 0.2542664328073156
 0.3225396788771032
 -0.01651270947448522
 -0.09456950391832122
 -0.6039800662477799
 0.1638104105861942
 0.08646210238965181
 -0.2370888294247467
 0.3019820519344678
 0.1595156420092835
 0.1697348418400012
 1.096658248404492
 0.7767519766645251
 -0.04128005681876752
 0.2725038209875554
 -0.1876151242953114
 -0.03017840664446377
 -0.4015828808715978
 0.2501898520796783
 0.4031462583704207
 -0.02019989288502765
 0.7866255247606005
 0.04564965170842859
 0.1595358184203905
 0.3600985288735212
 -0.2152415805084932
 -0.1683231094012867
 -0.1560020831370478
 -0.08029103111005716
 0.05021453087818405
 0.1017820332597695
 -0.170358118544127
 -0.189810128260193
 -0.2347616839245889
 -0.05028349094529533
 -0.03923922347878731
 0.1611002282077262
 0.02613199450476214
 -0.5635322776486859
 -0.03451787733140889
 0.08196869272687468
 -0.3207434970990316
 0.1292740781502364
 -0.1910229021415492
 -0.2981824923431911
 -0.441570098798782
 0.4326293097737656
 -0.2078987131491652
 -0.6827613572386647
 -0.2935324052651282
 0.2996259127551473
 0.8632172819539539
 -0.3821793059833207
 -0.4585802600959077
 0.5945039329925301
 -0.04281805964268071
 0.9700172302546903
 0.009491336887110499
 0.3094286545010687
 -0.08794952019259199
 -0.09119670494510232
 0.6552175287270069
 0.01623333988421427
 0.1137248000000955
 0.1067555735048847
 -0.2718703055833657
 -0.2084230337780463
 -0.1862248402793332
 -0.1591183227513195
 -0.02485305688026271
 0.06659885177528639
 0.02744469634908288
 -0.2513674386971076
 -0.2404051934697437
 -0.02154329660248937
 -0.04445137008527886
 0.1178253594819828
 -0.06073153340912132
 -0.7389440414368152
 -0.4365599548884209
 0.1428484780978566
 -0.8653263353387795
 -0.2674285442490049
 0.06613795933507348
 0.1872611597024231
 -0.7521730571199265
 0.3240769191903589
 0.5240454427832082
 -0.05132448363970082
 -0.1572415225448057
 -0.633912238984952
 0.05806858020852688
 0.9165770537977834
 0.08157273097942459
 -0.1943140121635216
 -0.06581450769214103
 0.3097636288396425
 -0.3355935889037491
 0.05130897473934433
 -0.1778273145907747
 -0.07567656163206841
 0.07355179800828153
 -0.0899619285480075
 0.01686278932360949
 0.1736459805853228
 -0.2525889656108889
 -0.2667147730537207
 0.02063026177491939
 0.02265670189728882
 -0.07779994965681594
 0.0401981545632349
 0.08616905198412871
 -0.131779768874615
 -0.1468180182308039
 0.05723461099433141
 -0.007476130829612849
 0.03694301948633943
 -0.1395543275849885
 0.01290497508499946
 0.3111457740957025
 0.312425679480451
 0.1615915603525333
 -0.2823927368762748
 -0.225201997430153
 -0.2172417935230177
 0.5152909629488758
 -0.173886455771856
 -0.1575213706732237
 0.798961004503576
 -0.511879902619732
 -0.8745815405826622
 -0.8709347909194336
 -0.1758488568190759
 0.6254373898318013
 -0.1507899636140135
 -0.228666587818675
 -0.005641545411436993
 -0.4365347455939064
 -0.1777219546495706
 0.4158797127973137
 -0.08823807537985515
 -0.03126920520747706
 -0.3213487157468077
 -0.07977319201173456
 0.117536869452799
 -0.2496914625775563
 -0.303946857680882
 0.004056930085399958
 -0.009071310466353476
 -0.1530323454719018
 -0.03266886296851397
 0.08235118785501973
 -3.516408611674467e-005
 -0.08268072527786434
 0.07879804810278407
 -0.01726475089760458
 -0.09137763723404591
 -0.1874800830576718
 -0.01601783840954074
 0.2885625398276391
 0.1834255983667364
 0.2650033599928107
 -0.3564164037911304
 -0.1393747686832502
 -0.2907978843454585
 0.4751425657417924
 -1.077332662152459
 0.1860669620761956
 0.09298587030481546
 0.4564573253241486
 0.3043571247724394
 -0.6771186412879573
 -0.3083650645855832
 0.5860475808463035
 0.5574883635127379
 -0.0260354236960262
 0.1295238595791735
 -0.1755325219141773
 0.1407652914884519
 0.251336115690023
 0.002936626701457994
 -0.1485050841622371
 0.1574029784847328
 0.3551701158354471
 0.09199058322056888
 0.06301561689934468
 -0.08432502281840576
 -0.1092956026924912
 -0.1178859488499102
 -0.1544642166380022
 -0.07029982188088066
 0.05397939064670945
 0.07767868184945775
 -0.02411446264994486
 0.1201923010582376
 -0.03485291742723678
 -0.001468245177595057
 -0.0253282780320568
 -0.2210108500979228
 0.3670775193126908
 -0.09504478333424367
 0.1126840869331393
 0.3765579226329324
 -0.2163885521045946
 -0.01186904806172512
 -0.1132195152547799
 -0.5976511098592985
 -0.3717375507756007
 0.5096873364746795
 -0.7116066898121642
 -0.1347096588923286
 -0.4059817376469844
 0.1380951638520833
 -0.2719980589337767
 0.2422483808071161
 0.1444321188617415
 -0.111245364963253
 -0.3173180972487719
 0.05437023321550775
 0.2779347768719573
 -0.1128795323039863
 -0.2609334233342686
 0.00499022681988931
 0.3222606715147173
 0.1789575034276484
 0.1752431398681658
 -0.1029840419846361
 -0.1065716808380328
 -0.115162026420728
 -0.1551103856072334
 -0.1207604542344111
 0.01090774830392882
 0.2228344139395598
 0.0617410256800224
 0.05425108257425629
 0.02217026833759644
 -0.1908507657349413
 -0.02933312543797921
 -0.1212978635574307
 0.4996794081366168
 0.03526620016994295
 -0.009211262854090657
 0.6030377358168858
 -0.1976285409629553
 -0.05974500747318201
 0.7747513444700851
 0.08633954634259511
 -0.4375269870823589
 0.6515292076169841
 -0.7554405016833534
 -0.4583975780613917
 0.6230125201808507
 -0.8566098354262041
 0.1811106674209117
 0.0481487934935742
 -0.1531304798302063
 0.3207294396687882
 0.1234219342335713
 0.1894335766877619
 0.3634347390637965
 -0.1197602349667153
 -0.264599005682538
 -0.1779995338866204
 -0.04786969179872422
 0.1558557674195473
 0.0081309750414943
 -0.2203876090716417
 0.05292538506694408
 0.04067103971384041
 -0.001569132174166715
 0.001214669042593878
 -0.3380398446847681
 -0.08775943627050904
 0.4988061654436062
 0.2055269826357193
 -0.008531869541008666
 -0.4157450812608877
 -0.4245152398915398
 0.07548228961698096
 0.2651882522940999
 -0.2542496068760936
 -0.02758376976976532
 0.3222248761217695
 -0.2131893230349326
 -0.5554638259847795
 0.4504990215912764
 0.2153717014856589
 0.6622160939261428
 -0.268657056205268
 0.8703453804957675
 0.0712265108593625
 0.6185873890983776
 -0.706606714633686
 -0.2066853311650085
 0.08752002548002782
 -0.7558297803070769
 0.04857302896365576
 0.3671766847109015
 0.2179997458511313
 0.2533768553650541
 -0.1255803195413544
 -0.189109808519338
 -0.1212462392133621
 -0.04991653694876884
 0.1473267812960355
 0.06885900348302024
 -0.1464298765022336
 0.04792842476124314
 0.04698325879914246
 -0.006323035596994389
 0.01218961780641663
 -0.365795721387268
 -0.09812001034313819
 0.5012979215651161
 0.1589060650913829
 -0.05656429364707244
 -0.3818233577937483
 -0.3936799903597491
 0.1512432320953849
 0.3812233136659718
 -0.3923322838476115
 -0.08054612357436992
 0.1120083325448667
 -0.1554916555788491
 -0.4361780288354007
 0.3940034909116638
 0.04023800227620654
 0.417020484291376
 -0.7865322712325756
 0.4739704067050068
 0.06380512456374574
 0.4712890954710762
 -0.8752220415648458
 -0.1656943930952993
 0.03344940314849144
 -0.6043177036620337
 0.07887765986432939
 0.1934476076575529
 0.1112093346276585
 0.1453478728890323
 -0.1475192800938004
 -0.2632470237697217
 -0.2208160150508385
 -0.2228336274220931
 -0.2062981483465043
 0.09502540071748602
 -0.09485006688534468
 -0.1678785479609413
 -0.143953699734348
 -0.1713267192107026
 -0.1390459347224943
 0.2363236814114183
 0.4345923968733183
 0.1574938746158395
 0.5256535359404253
 0.4079890308637292
 -0.1391068201896304
 -0.3073615749585292
 0.0515744075144888
 0.1622101922412917
 -0.2289479235414713
 0.04402012712804572
 -0.002609495458226828
 -0.005249777515132698
 -0.05109004103645021
 0.2145364122018902
 0.1873273591594686
 -0.1951393424641891
 0.1300806611935096
 0.5471464993024024
 0.1493659781967587
 0.524582691471642
 -0.8773058597471958
 -0.4560745078910884
 0.235220586893954
 -0.6183314743005976
 -0.1163519892547002
 0.2036323183573698
 0.05653098422877632
 0.0512723300158997
 -0.06336943557172103
 -0.1668582020378124
 -0.2111054754908007
 -0.2150133330070178
 -0.3377114779302095
 0.08926410955171131
 -0.06696108377012358
 -0.2201356097886668
 -0.2038428398780905
 -0.1982543274221777
 -0.1372705231244511
 0.1663201387457831
 0.2732382675097669
 0.1567339638653626
 0.5581062889023428
 0.3805345183825681
 -0.01967580286816335
 -0.2754937072768294
 0.1738297325603074
 0.2181486071523107
 -0.08054981069924058
 -0.1498307226306236
 -0.1059283406900536
 -0.09062282229029545
 0.3263445061723544
 -0.07701676634608065
 0.2420892017768191
 -0.2390872007069481
 0.08698359704147693
 0.3251345739439305
 0.06765094047046223
 0.4156847210554071
 -0.5387892829748128
 -0.3335346044109067
 0.5500813407307943
 -0.5357785668500447
 -0.2522169584130788
 -0.01564306424060652
 0.1177719315245669
 0.04732846634104647
 -0.09031886017856222
 -0.1714595254999823
 -0.2025366404565763
 -0.1719955744921115
 -0.1534113234053623
 0.1132026553973183
 0.01241927122049922
 -0.1509111476361774
 -0.1509626885734348
 -0.1219101203533901
 -0.06959515317971376
 0.08932112920111343
 0.1375529102223734
 0.002108762666836676
 0.3408591939574783
 0.1940061737690907
 -0.1297386930031416
 -0.2675827034070075
 0.09635828906442023
 0.3812089272031154
 0.1426911398547178
 -0.2925160658368914
 -0.07994512145078062
 0.07551028843858937
 0.2178982346086097
 0.09431747315227698
 -0.122216614780278
 0.02291116920468181
 0.1226211602377468
 -0.02693216769150159
 0.2986714112261464
 0.3051524624682212
 0.1624978170280257
 0.1718487270612407
 0.6856701086176468
 -0.2244182184349598
 -0.9289145635621611
 -0.6738844478075301
 0.06448527979593309
 0.002067714302793788
 0.01413954436166649
 -0.06578576389747304
 -0.1274783273581148
 -0.02244114992838388
 0.1590838245358685
 0.2146793002675293
 0.1237822970892571
 0.1003680749360839
 0.06030558464990704
 0.06238252834478692
 0.1039171381029076
 -0.1244873534739205
 -0.05325548393288102
 -0.334714628616778
 0.1220428964001307
 -0.005192676529390511
 -0.08517678343797505
 -0.1431449446891953
 0.02313155210272383
 0.3128597796688247
 0.1873336190406158
 -0.1556422063372652
 -0.1081733261980647
 0.2034023211059095
 0.0587152782606549
 0.5650829317684892
 0.04609574292697879
 -0.05687231281009453
 0.05810463716741709
 -0.06330644756806678
 0.2129877427355037
 0.1654313265701753
 0.0711353887065037
 0.0754839254767796
 0.5149809225947464
 0.01652469034001985
 -0.8896155298828209
 -0.6881737275169673
 0.1560840484371335
 -0.03929429156626538
 0.01164591119224508
 -0.07919489416796392
 -0.1600426881231067
 -0.07031566676154129
 0.06700634075725106
 0.18603655980168
 0.1045449513833522
 0.07836862287248303
 -0.007797467044612004
 0.0325468368855828
 0.04748994695734834
 -0.122406636599713
 -0.05432441251231208
 -0.2554081983967141
 0.2103739885827346
 0.008117977506701943
 -0.01530059685164534
 -0.1355028309536591
 -0.1437808348020338
 0.1656331032882232
 0.04491230598694891
 -0.1901796944369475
 -0.1563620634082684
 -0.03966600282689647
 -0.009491830171449958
 0.7685594591338694
 0.1504805297527365
 -0.4389499624201912
 0.2967837246621884
 -0.2025328040932857
 -0.5174781963394407
 0.1232046540700439
 0.2771081695600418
 -0.0912946476609211
 0.4787370374824977
 0.5570592045559349
 -0.006236743053921301
 -0.05610947067074656
 -0.08678949692126592
 0.226338875784811
 0.154770834225938
 0.04239765871588239
 -0.1467148326095696
 -0.1244470030006121
 -0.2201492097286044
 -0.1724243955966442
 -0.1078193873984745
 0.2084575338658693
 0.1039142471698105
 -0.2803116859872907
 -0.2839031788670279
 -0.0803156692893825
 -0.006990731211135984
 -0.3278194431715404
 0.06710550577199297
 0.1013996186559979
 0.8370858587870806
 0.832933443858818
 -0.1176004318501666
 0.03543226649818437
 -0.06348820508557282
 -0.2400569199336325
 -0.01226488562397028
 0.1699780594684994
 0.02342651264543525
 -0.2566069006524287
 -0.7187174919905299
 -0.01167350567273343
 0.310359073102773
 -0.7180549987999162
 -0.8350825969127891
 0.4244174258207855
 0.3592816871513137
 -0.3028171295246254
 0.5452164169056959
 0.4685218331291077
 0.03278120128534277
 -0.2424259576049967
 -0.4216515423397186
 0.05331153424141662
 0.3572687664734503
 0.2479796913493657
 -0.08795948615535962
 -0.06931647293820134
 -0.2841125497924952
 0.004200374541787847
 0.1113714530694406
 0.1010091458989463
 -0.02224391144721997
 -0.1183330481841263
 -0.1326405873326456
 -0.02805479478912593
 0.1107091637330094
 0.2659856917722566
 -0.08391042565597445
 -0.4069371002007423
 -0.1098299646681054
 -0.08512249406497099
 -0.02973259477560167
 -0.02337210608225368
 -0.2074692431345954
 -0.1810643284965761
 -0.3747049747279501
 0.2750370774448103
 0.7540197931392368
 0.07182159614696737
 -0.2572710376250286
 -0.5470844111660861
 -0.5567839533507511


